{
  "states": [
    {
      "id": "11111111-1111-1111-1111-111111111111",
      "code": "STATE-A",
      "label": "State A"
    },
    {
      "id": "22222222-2222-2222-2222-222222222222",
      "code": "STATE-B",
      "label": "State B"
    }
  ],
  "orders": [
    {
      "id": "33333333-3333-3333-3333-333333333333",
      "external_ref": "ORD-TRADEOFF",
      "due_date": "2026-04-01T16:00:00+00:00",
      "priority": 500,
      "quantity": 1.0,
      "unit": "pcs"
    }
  ],
  "operations": [
    {
      "id": "44444444-4444-4444-4444-444444444444",
      "order_id": "33333333-3333-3333-3333-333333333333",
      "seq_in_order": 0,
      "state_id": "11111111-1111-1111-1111-111111111111",
      "base_duration_min": 20,
      "eligible_wc_ids": [
        "55555555-5555-5555-5555-555555555555",
        "66666666-6666-6666-6666-666666666666"
      ]
    },
    {
      "id": "77777777-7777-7777-7777-777777777777",
      "order_id": "33333333-3333-3333-3333-333333333333",
      "seq_in_order": 1,
      "state_id": "22222222-2222-2222-2222-222222222222",
      "base_duration_min": 20,
      "eligible_wc_ids": [
        "55555555-5555-5555-5555-555555555555",
        "66666666-6666-6666-6666-666666666666"
      ],
      "predecessor_op_id": "44444444-4444-4444-4444-444444444444"
    },
    {
      "id": "88888888-8888-8888-8888-888888888888",
      "order_id": "33333333-3333-3333-3333-333333333333",
      "seq_in_order": 2,
      "state_id": "11111111-1111-1111-1111-111111111111",
      "base_duration_min": 20,
      "eligible_wc_ids": [
        "55555555-5555-5555-5555-555555555555",
        "66666666-6666-6666-6666-666666666666"
      ],
      "predecessor_op_id": "77777777-7777-7777-7777-777777777777"
    },
    {
      "id": "99999999-9999-9999-9999-999999999999",
      "order_id": "33333333-3333-3333-3333-333333333333",
      "seq_in_order": 3,
      "state_id": "22222222-2222-2222-2222-222222222222",
      "base_duration_min": 20,
      "eligible_wc_ids": [
        "55555555-5555-5555-5555-555555555555",
        "66666666-6666-6666-6666-666666666666"
      ],
      "predecessor_op_id": "88888888-8888-8888-8888-888888888888"
    }
  ],
  "work_centers": [
    {
      "id": "55555555-5555-5555-5555-555555555555",
      "code": "WC-FAST",
      "capability_group": "machining",
      "speed_factor": 1.0,
      "max_parallel": 1
    },
    {
      "id": "66666666-6666-6666-6666-666666666666",
      "code": "WC-SLOW",
      "capability_group": "machining",
      "speed_factor": 0.5,
      "max_parallel": 1
    }
  ],
  "setup_matrix": [
    {
      "id": "aaaaaaaa-aaaa-aaaa-aaaa-aaaaaaaaaaaa",
      "work_center_id": "55555555-5555-5555-5555-555555555555",
      "from_state_id": "11111111-1111-1111-1111-111111111111",
      "to_state_id": "22222222-2222-2222-2222-222222222222",
      "setup_minutes": 10,
      "material_loss": 0.0,
      "energy_kwh": 0.0
    },
    {
      "id": "bbbbbbbb-bbbb-bbbb-bbbb-bbbbbbbbbbbb",
      "work_center_id": "55555555-5555-5555-5555-555555555555",
      "from_state_id": "22222222-2222-2222-2222-222222222222",
      "to_state_id": "11111111-1111-1111-1111-111111111111",
      "setup_minutes": 10,
      "material_loss": 0.0,
      "energy_kwh": 0.0
    },
    {
      "id": "cccccccc-cccc-cccc-cccc-cccccccccccc",
      "work_center_id": "66666666-6666-6666-6666-666666666666",
      "from_state_id": "11111111-1111-1111-1111-111111111111",
      "to_state_id": "22222222-2222-2222-2222-222222222222",
      "setup_minutes": 10,
      "material_loss": 0.0,
      "energy_kwh": 0.0
    },
    {
      "id": "dddddddd-dddd-dddd-dddd-dddddddddddd",
      "work_center_id": "66666666-6666-6666-6666-666666666666",
      "from_state_id": "22222222-2222-2222-2222-222222222222",
      "to_state_id": "11111111-1111-1111-1111-111111111111",
      "setup_minutes": 10,
      "material_loss": 0.0,
      "energy_kwh": 0.0
    }
  ],
  "auxiliary_resources": [],
  "aux_requirements": [],
  "planning_horizon_start": "2026-04-01T08:00:00+00:00",
  "planning_horizon_end": "2026-04-01T18:00:00+00:00"
}